CountBits = [3;4;5;6;7;8];
FF = [3;4;5;6;7;8];
LC = [10;11;10;11;12;14];
